1013453752
597880022
-1663460726
-1006580858
-1582957300
1995476584
-1974875736
-353617394
-1092512514
795352672
-1948356108
1280197184
-584832992
1027260068
-254275592
1681786866
1603459400
597021420
-767889150
-227375930
68679176
1810150698
-1321379370
1593711156
905306578
-1995518160
-1395577680
2097152632
2018971706
-2125687848
1287055940
-150559328
-831019154
607430008
-1667638526
1328002840
1509671238
70906564
-234589412
1591657378
1919421064
-697351332
370492204
-1517707880
-641377370
-1508854478
202347330
-595288104
24133450
-837671272
1174309274
698898446
2050473458
219743232
1887785876
-842330534
705859466
-1957634400
650830908
-363344988
-1432119198
-611483178
1659122800
889093514
-1139313686
-548196658
-48437358
-385382752
-1917178642
761778442
991698996
2050079576
-1071866308
-1775677398
1840580060
-2061404764
-815794358
-2028194326
1833452342
1410126798
-918750004
-1895711882
1672280024
-1877388424
423451778
-1908705768
-837403376
-384035594
850149450
-1816316856
191421556
1498752136
-298875856
1135549782
-2094071692
9109910
1110255104
-1998414594
1379178446
-2098378214
1468304646
576461930
257749924
715508384
-969863454
1141487788
-2039892404
1531160988
-1062304570
-738623092
1668140312
-1734472410
-1989167736
77393486
691037706
-1220791002
2090409810
-261937856
-786828344
304202462
-190030058
1341743838
-753149762
-744286444
1578437036
692554064
1238036170
-1036741676
484702024
-1558685442
-167185156
-2018652102
1539479420
-84392704
-1045954600
1209534646
-255611796
110433312
1616249456
879401696
861264494
-912393916
10738740
-2061446928
1768843022
1138545612
1778883482
1015808458
-591827848
-1357146182
181467760
556164490
-984691460
1975342164
1195774702
1164794458
-1591060202
-893814490
-258753852
-1195776554
1802846940
-57479370
1004950302
-1308085102
-42856582
-2113965460
-2054660650
1897097656
-1190292952
678247892
-1854323654
-921260256
-566969744
2056606140
1071051892
961719642
285517398
1508001324
2114555902
105978098
-1140320492
821716378
-543538350
-2096145830
-266877888
-1764344528
-2114841122
-744202866
1652964800
-1318130404
706504352
1723146406
2026149650
1712689076
-176132630
2126909240
283351988
1114735846
1232684184
1566888058
-609363182
2012080264
760816606
-1351947292
587235020
1226274664
1763384376
869338192
331069780
-1497335332
-1930689142
-1440374344
1729782764
-1256671342
138659730
-1747740358
-492276898
-404762378
354200530
-1756567208
-1966523004
304921316
1529409390
-1445056370
1842104896
-598875548
2065920128
193065984
-1451093592
98027726
466105834
-811469240
-2060912056
1010505538
513476942
766956860
-1091751606
1019991204
78164240
-1171171394
-1641440776
-820506366
-1798487522
-1179646098
1045865696
9150170
913488580
177005062
-1827625110
-1100803442
1012974772
-1481998370
-1683819800
-904479886
58573854
-654118208
673004426
1361564920
-1053424754
-282912558
-1288421352
1928812882
56540844
-171784062
1499650732
-785574150
103729234
-1506234024
-376519010
589249912
-2079367102
-1984409128
-1857064244
-616609734
-411951836
747148246
-1848440670
-1778523258
-1651989574
-1116149868
1561790064
918401878
-1600471048
170609840
-1922139728
736361104
-468300128
-681282704
1490419896
-84623554
-510274940
-1671182014
993822432
41235652
1549369706
449208070
-764825384
-927489676
2017772166
-1546214794
-175332386
1322156958
-13616326
-1382335992
-420102914
1527688014
-2039877030
-1620658216
1345142712
1003260718
-2073855868
-47666398
-592413590
1510001764
-629752532
678731096
-1306664348
-1617523760
613532138
603399844
-1418755812
2081126198
1721627002
-1720516744
1076056436
1359672978
-702912674
-644418152
296979576
1963141748
-1246656338
-1297742586
-2063356096
-1784387228
2126019808
1085464908
-140615458
-441529476
-1674234100
-996704436
2119327074
786086466
-903654202
325787860
1761303172
206605762
-1088931934
-1958250740
-909231742
-1218964996
-833245630
453435360
-929309236
1503139130
-435689234
-1627715464
1096706476
452338182
1600034948
1978319960
-1084745872
1172317922
-1233111518
-2012711092
-1973569914
-336196370
501769962
-1709534030
1929115664
-1914894198
-1463625266
-835532800
473672076
-773073354
2146830404
-655779188
-1521700516
-1025602506
-966267902
1296643322
-712708086
1039036186
1897425320
-994684518
344443420
-344202222
-197823154
-493291614
1470151950
-561983924
999756344
934611040
1365059260
-1613560402
-939189372
1931569506
-162378422
-1986457026
1219461358
-694837844
-1760057678
-1536923318
1553618206
896947084
343956088
565339404
1769825262
-1871974882
876145004
-1646345262
1149542976
-1017212146
195294582
-375931400
-856380770
-472028630
-1945165582
1146535792
1542511862
-1209680584
1159310220
2120317818
1987471650
665498240
1129881540
1303218556
-823190318
-1875238974
-2090849714
1139836518
-846549926
-214258448
1605323426
-1036233808
-1689667566
331896468
1389771086
744657760
471143238
1373769716
1506649344
-1028385108
-2698766
-779974634
525693950
-634204646
37665982
1274555842
369234798
1183954642
-1749318650
-752049378
-1651797988
-1263839792
-1995609584
-188886902
-2017374690
801608084
1792926564
-2040004902
1033558572
-1833656006
342302912
-1408027150
1364374974
-870314728
-1798928850
1687428418
-1446882078
-1053374968
-438738360
1440727450
1457214000
-1451635672
-1532015158
-2058489882
-482414626
-2074886062
-1608273370
-1230069086
223639894
-252487506
-278738650
401977472
1750879478
-2067261690
-237022108
921569556
-1316457540
650762098
1647489356
1549088084
-151889096
242597112
844225140
-231583998
1186323060
-638372344
-1312728966
56256064
-1327929252
-1325748682
506452230
1457114178
1576730090
-1212190152
1279989350
-657851508
-1755585370
270059452
157638576
-1908067992
-1733544598
67201932
1681548726
1658670834
1792714516
1023208012
905718790
-751116872
70387582
1364482334
350040318
-992295492
516268192
642647154
-257525616
959848022
-792582158
-148699524
-1975205240
-921109146
278463860
2051483970
-487546056
-1656142094
710213568
-1474111272
-1223504254
1359436384
-1733948450
-1605307716
-706443038
-914756814
1580051672
1747835628
1079422470
-1620819172
-292328216
1524717266
-733958090
1041116690
-958569028
924375872
960684260
-1262148686
37043168
782710406
-766811560
-1743204366
593554330
205029552
-428709974
497748772
1246136708
-183595532
-945225884
1603690366
-1475320982
1855309170
912525720
2033555120
-1632867746
-661262296
-1136979868
-906873914
-2140636496
-632727334
328895322
-325171198
-1682765072
-1777019652
375051812
111578162
1052402276
789372918
1312783580
-721333914
2018549434
-1099202900
-1702818380
-1612640544
259926798
430838426
356567564
577452274
-165577110
1385688214
861714956
605976294
1509939532
1551908766
1813687224
-261486334
1677423726
-1712203942
829706716
1708925878
523804594
-122109478
-783665080
-1712763854
-1618577582
-1986221890
162016516
452953500
140355058
1970720986
-1787134522
-252322426
1145027554
-1966676044
534658682
-1997445366
-388018716
394969460
-372548134
116086154
619706602
208667368
1567395106
-1009940990
904957732
-614855346
-417351970
1735130204
1291960276
-507001164
923085770
921134604
-1748844182
-1485334062
-1129747688
-934429232
-1260594636
1693908790
-1626966646
-1200471640
236196288
1730802922
1558530740
1080300840
2007985146
724573776
761067772
1896435246
-467280570
-236089688
2091536390
-1002149418
-1653105930
-545437268
1643858144
230944900
1087123534
587983262
1026614774
-519448146
-1601433172
-244046432
-1827986170
-1709816722
1757281288
1198981250
1846398192
-1265941862
-2077991336
-2090171642
-201247810
1892276340
-1288284848
-1974148066
1850151528
-164155096
1138366854
-1696924212
213282878
-969939920
1828635288
806014442
-2075800196
829479268
1744045136
1519134138
714175224
2061348116
1934905094
-292084506
-860653148
1681800204
-1806165066
-811627346
-153283168
-1349309342
331061534
-446353454
-831180694
385010658
470786274
1624834026
880092128
-1801694270
-1934402854
253964078
1912099496
-1782712440
-385724386
1524907926
1776379106
-1202148196
-475999562
262521148
-1659389292
841663412
1193692746
-500602218
594034744
-1690606768
1786800866
-1705104130
-1756217030
-1498049736
-947734796
383227160
-1705306446
-1049188940
549375462
-597692224
892960242
1429078712
-426946918
1336844700
-865347382
-1987386612
1518862652
1464272680
-1987776850
1384774780
334864428
1315068702
-1655690416
2121412266
659277114
1636642136
957747938
1941985394
1388675152
1027077966
-1207326980
-601246986
377444176
-1459100944
562542238
-1118333630
900962110
614163896
448132536
280100388
-732689806
-246277802
-2019532162
525150692
1791090104
-760328820
-1365834124
-1577114054
-1300572984
175535926
-1183807904
-2067745660
-668419530
909804092
-1321415914
2053972342
1744409114
-772149702
385210312
-420149308
338192352
-294952704
-2090390280
-1549234858
2004005996
1630035360
-1711959116
1161202458
1085897528
-1028278822
-120507458
-2011680084
315224070
-186691996
-885797774
2056336180
100632906
563054824
-732291882
-738140878
1735086800
-825525006
-593273836
599541448
-1417642244
-510426344
-1096942016
-1913306130
-1397361756
-1546260560
-142827296
-1243150444
1622609514
1047978136
1921355088
-2083757504
-1623659402
951518018
1636107186
1241095524
1220415848
-2123671882
-52910340
85102384
1493784808
-1363627130
-480553630
-39355560
-969785360
-1271489558
-1024438862
951506940
153313750
1366280218
-1379996744
-395680334
118302816
1254328682
-1079812714
-93103096
1825540934
1978136484
-1594635302
-416819842
1474079008
851989856
-576407238
518602536
-1398795052
1796320554
2115501826
1147866470
-583147408
-1104876914
-1798265956
-41699598
396266464
-2040759758
1012766802
1295403378
-1830000432
-1605206398
1456216656
-1435396920
-342147656
-1435218212
-1365942180
998247700
-39868212
-1650850342
738928128
83948080
303478730
-1721946796
494348762
-93138742
-1715632082
-2078825640
-1077884948
530208232
-555656404
-195623210
-1015655062
1704293734
-1632613078
1313330558
198109396
-409487654
856660980
740284018
1674748054
1581540328
-1694540666
1809151740
1695151370
1904483592
-821502156
-593889556
-287382496
-1627203408
-548441616
21231634
-1979656134
-483508350
1067954808
-544413618
2067056888
708056150
1623379696
534645156
808516938
-538526722
-946705082
-224596206
-73723618
1540312842
1046686866
-586753184
-1541609958
-756870188
289786102
70787210
2124011336
-1733207352
302702846
1189596760
-1481646974
-1844395922
1929780528
1942768012
-1546131812
-2145289884
129039308
-1928603730
1784123234
-2112575058
535377534
-451633558
-1040669548
-1811923938
394237060
2118907514
-1143359596
-598069456
-122058596
-435189270
750636248
-1240701290
1903662338
779409288
-951250504
1148832332
-1045609992
-375133516
1267543046
1452369076
1481240390
411848012
1998991710
526609610
571314
1235489632
-700185550
-1144285122
-490362370
45833660
-2005466064
-1173180740
1211032640
1138014496
-832376404
53778754
192515244
1786590754
-1624985754
-321037396
-331451896
-1194107346
-1200501248
-780746794
-1355625696
123443028
360568942
-1650864552
-2049721090
-1905832684
1105863782
792591150
-558799114
1654892882
967293790
541905918
-1851858924
-1882342288
1867325870
1001329268
1551070448
-347722770
-1382971774
192507070
1438497186
-559413472
-308571622
-960630636
646845784
-1320077364
1049898170
-799500932
1101948634
453797866
-300126178
-214654338
1397965068
1668906950
-1106398364
1223715710
527558092
-2113963680
-1767049724
556789262
-2117179538
382465058
-788136074
1468077240
-709818874
-214134268
-1215965076
-541841672
-975488796
-1977538010
-129045932
-1285523968
-677563962
1643418288
346305048
-714041998
1948207234
-328768478
-601172426
-841091618
204473370
-532014182
-1149164420
-992083538
1678052744
-454246476
1812170958
1861646112
-486187224
419252572
469144732
473756268
-233735130
159513668
588984266
-2034806046
-925568500
97670124
-1561849694
-900867736
623900378
-373343696
-1084228420
1675963480
495333586
812166880
1703769780
-1287007822
1005569538
-1559865682
2051730136
1656292474
-1158955410
-1138548036
-1214035750
982386540
508862538
-881894616
1877491630
2040690484
676663092
2116268702
-1761736178
1424235142
-1066617300
70311968
1111345494
1419126860
48305978
1205705282
372974392
31482876
899440712
478896088
-220723088
-445503432
-794931104
-2101946168
741628448
-74225464
-22057126
-2057294012
2115024168
1025061822
-130030698
1494768568
-1853973998
-1005565218
4187478
440042704
-1660001840
1912815386
-1165839458
1744180464
-486696886
-44538256
925328276
258702336
-2012332688
87628136
-1146926024
-1878681370
-700579684
1034117666
1412103936
1414318358
1349657598
1911530050
1263439932
276635614
270129982
1013283808
1980692216
-2017743164
-1510826212
-1225720904
1462613498
836875554
316582138
380853978
1136496124
1349698226
1308295860
1683662200
101580622
688502930
-1882681504
-884790000
2053012352
-230527774
1026233508
-1115692502
2096592808
-1580122966
-1230007600
216188852
-386644630
-1145197592
495491878
824077878
212798846
397548142
-1852358244
652360678
-1217477570
-1563345714
504591150
-542525514
614302674
1498482724
-2112902378
-909693556
992009960
252382800
1740119736
-1883445812
-829890102
1363819156
-197673360
1890444500
-1689321836
1003185764
469087642
-1315047298
-1558787358
981475836
1376649588
-1661398048
-1709985526
300982806
1251532142
-343568124
1900117040
-136249984
-61431454
-2031119982
483035800
-427136880
-340050368
230271956
2044891702
-425519844
-643009564
-623461156
-646698370
237856352
1674097816
484977050
1491960204
-1462808760
-1352178570
-988623694
-573735758
1170868244
569095354
1549597416
-329701100
375978086
133846804
473145298
1665204544
892985754
-958406756
-1132882114
-1136611342
-673981762
-1581953222
1313782408
-1820502046
788922252
-633016296
251340448
-1233145324
-262076192
-1810741074
-921924314
-552368828
-472528834
1443974296
493565588
-1387958638
161343188
1830020280
-389211360
321140404
1896372352
899368280
1163363696
-576145734
-186670052
1867606074
523490148
-1734577738
-622043994
539728582
-510918822
53329924
275459758
-65717782
407272078
1185101436
-96013110
1987846144
562166358
-1949552992
-508095092
971095686
-2029581650
1023367112
1756157888
454314996
261375922
-434921326
-817031960
1633460426
-1061858740
1088525602
1917783480
-1688303648
-1545434140
-2016667700
-1310691130
1851543524
402384908
414016548
-39792458
1189292514
-1070439296
-2109387420
1433062526
-857806060
-342461306
-386084480
2020481480
1762266112
-100032468
770133168
2017117410
1097859084
2048487420
892344550
659551492
562237908
-433326914
231604974
-1255942670
-193047144
1209424232
-1124079312
-1694947898
-2059426770
-1968524210
-65319544
-1354226466
909495672
-1377176044
1263154316
-869738608
-1154275864
-1482374364
-533201128
-1200349644
-732761882
360886236
9962024
-291083928
309188242
-378489654
-1255727810
1492478138
88420454
-1909517516
1713271146
924666220
708554036
351920164
2133452462
-1031859334
1563331964
669028326
1336210828
-157695654
-1430194452
391019270
1238827370
-2142552246
412435778
-1228334244
2141972284
-1086201816
-864778198
1139548636
298969434
-279637644
1591634302
-1357687332
547625332
1644793406
-2071573702
-2066066552
1735135344
-21902524
802243562
1492218164
486668544
-1267620738
984063980
1734487272
799788988
-1534585344
-18635684
151096060
-1847555348
2111722766
-1475987032
-808365822
452049086
979549674
2068768502
1863743802
1834968108
1146721246
-1946208506
-877124910
-1219259378
216951788
1224673456
1237652702
1734103336
428368280
359137140
964489802
-2106081518
1456132430
-923061636
-586813556
-678323082
-322381250
-661990178
1423166902
-1265491658
-1387421008
-1872925352
1755889514
429080646
1131765324
-982620420
-84597036
1127142500
-1620792990
-143542192
671351186
-209923154
1767184342
2014425232
-1502172058
-1408398070
-232897162
-304439638
-2142637184
1109668952
2104340098
143772168
1596987738
2115916316
1423593658
-251063300
1338287810
-683743832
-453027410
1192733522
-766375314
1489003122
9247956
-1669109478
-178310644
-727654624
-1342781908
1649852354
1440162952
1055614608
-1104777668
-1143475792
-236031326
-174399198
-1371364164
882050032
1335691746
939401388
733574488
-897208144
303924826
-357154780
417262830
-479429428
132897898
-323913338
1309731356
1819952148
941357896
1869320190
564358696
-50317036
487645772
1234341560
2107207498
-1339911320
24596282
-1843566642
622575362
-536383424
1193081036
-103289662
-1055083352
2125197164
-538195222
-687416080
1179167384
-833631920
1384111400
89720386
-1012253432
-465943100
571785200
470571752
-1461516578
1720557370
-987987114
-1420930996
-525450944
152244098
-1106236440
-1795653930
231303580
-1519581914
1055890526
-17660748
1551672180
1487069722
-1920083944
492640156
976002458
-71026494
-1247478938
349321110
1280911242
2071980144
-582777442
-2092378084
1940427100
1063818876
1437723874
-709326320
-427978872
1721782768
378241550
1681025752
1557907912
-738504678
228249028
-1361532334
253667956
-1377196404
-423103036
-1857985702
2017074188
1600537886
-1887773362
286892536
-948774656
1589725718
460142696
899006162
-286040662
87242394
-41924930
989439216
-48144374
-1381714826
-1148672792
2126307026
-487609490
537857976
-523835422
-1111897196
-2124723578
1360387600
-564085168
-130994050
-141196996
-1821188930
1483033166
-1052098530
-1582940294
1175593922
-922695142
-338443848
1408379350
-1551237992
1457907418
707644834
-1947433218
-1773060808
-464587402
221052886
703301504
-1968365810
-137044678
713561206
-1426365068
-660278206
2061390828
1414994198
-1541451558
1420965602
-877636360
1660724574
-877635562
693229958
1378989526
-149514734
-1223873500
139368976
405769164
-354746930
-301175992
445529446
1366834602
357459298
-1824088540
-1532584890
1003115190
-232852650
-234837246
-1428005704
-97389858
1083925866
81615220
1301191194
1409546888
190176654
2029557486
638349606
652009470
-1469887120
-562899520
-1165603036
-153857640
-90906154
-203200560
967889058
-1933161004
-100399946
1251434142
891500916
-1248195786
-928004334
1378533102
-1774133550
-2112748592
1070712744
991393792
545366866
1124251954
2009595804
1667080958
-361135144
-379101758
-1175349456
-943499384
-1083088998
-2091651798
1202534592
-2010151968
-332676416
-423337294
2029627112
-550795534
-1031828168
1564290260
1378017778
-183440676
1626827424
-794827964
-1636862770
-836876894
-1952721238
-443367890
-2017651128
-1848906682
1326925068
1327202350
67048668
-755472300
-1754527832
-1399512694
-1563146674
-1665767556
1102513210
-1512222524
29072420
863093118
1270700552
-1736204222
598555270
-123285854
575238326
-1899293060
-1097178062
-269450368
-1625084696
-1239335688
1032699750
-1451089578
790332412
-1455962446
-224580250
-1738272292
-692690114
676209432
1070835548
1941922062
-1821039438
-1506062892
-758582630
2042430764
1724325726
1171402648
-1972275708
210322114
287343010
-710919756
219944100
1945718128
1689204944
-323008824
-1469265356
1071685900
-1429225956
1466560842
62621826
111364940
-1154952494
-574434212
1961801272
941490742
495795610
1980826520
648963654
-256062740
-1696610920
-1480794114
762700932
-522976090
-208652422
443170252
-1818572354
-1020941108
-472617882
2019113220
-39462226
1404602662
-1234599654
1416076698
-1594782636
643160220
-1740753774
-1980760488
1121740498
234419356
1592088778
1079395018
-655988434
-746914310
-448440252
-197636444
-1663867364
-1151841114
-795965446
841203752
255559652
-625474830
-1284608320
-213693008
-1204018862
1126012178
354248226
843407446
-1942132268
1164119338
1641519950
-570595028
-1125061572
572366388
-2102585922
1205645718
-1640983964
-186650086
-841968834
1400414418
2075213828
-1449629470
-350467890
-942509990
513961002
-830357268
-661939694
758843742
1392186600
2038119364
1861979222
-928790942
842425458
-902763348
1233527406
-627835318
-286600902
559354400
714091954
-1890371802
-1589876920
1750278384
872347786
-1980744410
-1019827542
2111684616
1370669802
-595271872
1815710646
-956578236
-1673599738
516287030
-1715792898
995804028
611506370
-2143801484
-458557132
2085738476
-1550801946
-1201428474
-2022289344
-637288814
191062926
-205477426
-987876416
-1348817648
-96501998
1950241074
-598346902
565075864
-242415416
1099393660
-899167282
-808914550
759571458
-37116568
1206042168
-1680602924
-1445368506
-1495968452
1291476710
419369308
803811068
158783414
-452840152
578597202
150477758
-1165694252
-2072524372
1253246846
-1499530400
-1796425466
256570616
-2043366390
1212978280
-1033353308
-2130625394
1582553472
1840975132
569385462
377990632
798151964
47188032
-1931889652
100291772
1687679536
1231367382
-1519517214
781024278
10311652
1212698218
-1106039030
-1708332932
974023060
105154772
-71303220
-598099186
928987258
1454887206
988172552
1393899722
1631323350
-17658972
-1262860116
159506696
1486574016
-1992075080
1826997276
1217922024
1889321898
-1581641284
802043314
-1382722926
-1427922228
-2102049684
400152726
-1989312642
1008388112
-233407740
-1859530398
-261464272
362476508
-708811808
-703221040
-655324568
-2084885664
-1127330320
1896354834
1268955884
-613639936
869097176
1199808480
-1976958460
-1612783406
-190558008
355118202
-1401257064
1304579646
1381414978
59031804
1678556920
652474082
-1348097042
-926214288
1253079314
-631849482
303795016
-1808549820
-460673184
600696064
1162466542
-1755786366
1951333466
546461884
1631908698
1132235800
1271615022
-678152940
175251812
-611646526
-1971752794
1725661670
1593372598
124479064
1539362374
1991736454
1174807452
1368553818
1198005236
-822826664
-1840209404
1247266600
878898734
-1418805242
-499345880
1491534364
-1792779712
330379044
-1996300772
838100098
1094978036
-1638721474
-671076096
-1646646228
-859281640
-977148332
-1936714826
-354992652
1902261088
-74339844
-2024230780
-830924630
1968977994
-997372740
-1739504574
541371418
609963158
-722021136
156064466
1324419024
-448109654
-1307938162
-567688560
1731929620
-1257054796
515528192
-1722896944
-895974624
967850770
-882321222
-648272132
2049485050
1744798504
1519239966
572356874
-1866072412
-1698063518
1181584192
-1845473434
246783750
-1609550574
-779965970
1942487806
136718494
-1017253422
73882678
-392155256
330108946
616234708
-682623500
-898524224
-311863616
